1736
72743
85406
7818
34981
86504
9754
90451
30000
6181
80135
5671
8243
71904
72885
67451
71108
2143
9149
7755
2910
5647
V5811
75441
E9393
20218
94224
2325
28240
45384
7891
E9303
99801
28411
64671
E9196
77183
34939
94128
V4963
75529
E8161
9913
E8152
72704
9952
9039
1643
80151
E9108
V1652
92303
0490
42491
3693
7762
23771
25032
75162
3071
42989
5959
2638
45341
94214
E8548
20070
E8540
57512
80136
69514
4539
5193
01186
1348
990
V252
70219
7961
73629
E8248
5531
66582
80122
01354
20282
5161
2750
30001
53290
96972
33520
0091
1918
3682
85401
8020
38905
43491
52100
V135
71595
20290
72610
3885
80061
72251
71596
E8238
V020
81243
7852
81102
7756
2669
95911
85400
64204
V188
2462
938
E9329
86803
V103
36207
81305
V110
43852
80360
80321
71237
5239
7449
2519
V8536
86511
1431
82009
1905
1619
87343
86345
5690
2230
7804
85224
83661
32382
5770
V1089
80115
42682
2848
80708
30440
4257
78600
7224
7420
44024
99686
99674
E0061
74330
2706
E9579
V5413
4476
55012
55090
3629
81012
3619
9858
7246
30750
81230
3588
2561
72888
29632
87321
64623
27540
7754
2693
3310
99661
3729
E8764
20033
5109
8875
6031
80071
2112
8054
70723
80196
74601
75611
24960
38869
80145
80315
73008
7481
77214
9831
90450
V180
E8231
71516
52410
59389
71698
29284
1840
118
8209
71533
E882
43885
1733
1270
7109
586
7517
80603
56962
45181
3361
87320
58889
81244
2692
64421
9762
52400
5831
01300
42832
1548
28950
33822
41040
1308
4489
99664
65661
65423
1460
80030
4404
71917
V3001
70703
3343
45119
29633
V301
76079
2948
30583
6185
E8532
99656
72883
7821
76381
47822
E8058
0579
7452
2879
80324
1109
E986
5670
E0032
45351
7764
5192
78704
E0000
36250
46431
8820
29592
81103
E8498
71913
84200
81302
9046
6119
8448
45377
30541
37851
79551
6910
45387
5244
7689
78933
99651
7842
40490
04089
92300
29580
29634
67402
7020
43883
7718
99685
94321
5238
20037
76402
E9238
9050
81209
34701
E8811
V1251
9052
78340
7742
E8230
80506
7854
61610
E8129
85301
6920
1390
8362
8840
V789
V3000
29010
6019
29654
0790
9973
E8503
5769
72741
64201
V1507
75569
V6282
8171
20022
77082
2375
6164
3371
1760
4568
37700
E8843
64241
0545
7934
80161
92420
5568
9331
V421
2768
096
1602
E8529
79093
75502
7514
56030
27739
30461
37312
20400
43853
9196
3709
81341
6970
78931
81010
30751
71916
81342
E8171
V1509
515
38100
E9550
7806
5371
32724
78904
95892
E9331
V714
V4962
56738
6140
01085
9221
6826
28652
37501
4772
32742
64841
43881
75315
1501
33721
29590
05889
E956
3589
81101
1940
E9413
2357
6145
7910
E8702
20510
2564
69551
7683
05440
5793
E9240
8794
E8663
30473
99563
99732
67333
37612
48289
85146
7797
E9395
5716
V581
78054
73026
9851
1440
77089
5409
08249
42291
5088
59581
38630
E9293
7812
56213
1588
E9211
81600
86804
52511
E9451
35971
75249
75612
2704
48283
E8123
7294
86399
36646
E8582
5164
E8147
9112
1569
3562
V5339
30481
94209
V171
83401
V671
3069
86320
V1541
88120
85182
E9192
0041
3419
70704
7210
33183
496
95909
99609
76510
75269
2799
29650
E8611
34882
E915
73341
E9018
7944
41181
30022
6142
2778
V1087
2980
62989
79439
25031
22804
36213
7282
E9203
3941
4910
3089
0993
9595
1373
5298
92800
E9671
1769
41410
43820
86412
66624
7625
85189
9995
55000
2440
29042
99580
20060
53500
7313
3541
4838
47400
71918
20002
E8178
67412
2371
9992
E9209
38401
5822
8786
37140
85212
37489
6209
2386
96569
20943
2396
2515
1179
E9357
4377
5290
5163
1574
4870
51852
80012
340
4230
0849
36105
47811
42651
32719
82532
7758
7871
28732
37940
V1352
V6103
30561
3229
42823
E8790
92810
7962
30540
9556
74710
81406
85219
7744
7757
78002
82129
37921
78947
769
80422
V8521
E966
2920
8972
E0139
56409
541
5711
V580
2360
20411
7209
37702
87323
1467
20260
1529
20300
9618
5691
1521
3335
5082
79671
78865
V0254
1889
E8041
6000
3970
53520
27502
38903
71887
94425
40401
74489
1511
37810
9351
34500
7789
3580
92310
4941
4294
45385
5933
81611
53501
1505
9220
80503
7366
36232
920
01894
8246
8408
7576
1532
25801
1538
80070
0470
86329
71594
5304
7612
64292
78659
V1559
5570
8711
V230
25042
8790
0796
76512
E989
V0990
64843
V812
99830
V072
81219
V9081
2411
59960
53401
48231
4171
7597
75651
1744
1542
46430
56031
683
5646
78079
V08
99672
30422
9224
34290
52333
80375
64203
4554
55120
5361
2763
0309
85242
30550
2117
6248
37632
77439
65583
60001
30483
4320
11590
0360
2630
4920
33829
72742
40211
3492
6182
E8709
42613
77210
72403
436
2863
46450
5968
4232
83813
45910
4732
67403
1885
29575
E912
684
4592
E9064
E8768
7467
41412
1129
E9682
8748
71942
9038
85121
30789
40403
70714
3109
3561
34581
30402
86393
3671
E9053
2118
E8583
2700
52510
3708
81210
88102
47832
36251
28800
1361
2130
5285
1458
78891
53160
20722
6824
67454
48282
V5849
8795
7887
64821
3061
1149
3491
8025
7908
9102
7483
53100
80125
V040
76383
4801
4150
11519
82524
E9888
5259
99741
1550
66932
2651
2300
5184
E916
76522
20071
E9063
E8655
86800
1639
1174
5566
2989
80016
4253
37689
8670
V4981
76515
11281
6141
9252
64861
8065
6961
49390
85105
34211
8502
V644
E0026
2867
2119
60490
82535
71891
E8232
99688
37240
42971
5710
37820
85175
0860
2726
71216
82390
75614
71535
61802
83906
90222
E0162
81331
7600
6202
E9343
87365
95891
E8588
58189
34571
57410
7798
2865
78551
7508
73016
9060
9524
84503
41081
8798
67401
E0062
V6443
E0073
78839
V610
E8788
71996
7751
2306
E9447
V4989
73005
75550
1640
94532
41001
V9089
76070
85211
38612
25050
1720
92411
V8523
4233
0780
8830
73088
04184
5563
5969
80227
E9588
2397
64804
7323
3340
86502
0413
73004
6146
71591
1611
5804
V8381
5720
0539
E8127
135
78702
73002
E9190
80162
53440
V1254
V111
79381
76503
83920
74561
87200
1118
79400
85245
56969
47825
23772
11283
7627
0844
V4577
92701
71236
6171
1883
99601
V1002
80604
E9466
E8551
5262
53541
43401
86413
4785
86409
9534
73025
72992
0329
1642
E9470
1624
66822
3158
96501
53370
6188
8505
5118
80622
2740
72611
E9801
94204
5253
36441
2251
07052
7981
1729
5305
1598
90221
53010
63310
57471
64863
5642
2510
5692
E8343
6218
44502
E8169
13109
1707
7324
6952
95219
1763
80111
7061
72633
2182
7947
04104
56200
E8146
V1365
99669
0919
80400
E9677
V6285
E9410
5935
44621
05329
2334
85302
37701
43814
25012
20973
41511
E9421
78550
V074
6221
84209
3569
3313
80130
4292
25021
30560
53140
71865
9047
32361
2894
72141
3484
57450
72751
52181
7824
V291
73620
86510
7936
37993
E8120
64931
49300
43311
4449
05821
E8490
94504
23874
27403
2140
81308
7766
80031
5559
8407
5970
78937
7458
88001
9031
75563
2121
30390
85140
5846
06641
36289
9086
73089
07811
87264
80126
5699
7906
7226
V5869
82520
7423
E9249
3510
83902
28749
56731
V1252
1951
66111
8910
8406
83302
V8741
86120
81000
99982
52801
V5419
36206
33812
7730
4400
5800
99591
80600
E927
V0482
4110
82032
71849
8053
V8801
71842
V9103
5186
75322
75219
2449
74363
53101
0391
E8586
99800
73719
6828
3490
32362
9778
75489
28246
4359
5269
66534
37273
7602
51911
87359
38860
29689
2520
45621
27731
179
65701
64264
4472
0389
7355
66914
8191
83300
39891
85011
8792
V4983
46611
0270
33385
37775
33381
83500
74609
2554
3518
53441
V1869
6212
7881
77989
55841
29512
20917
75739
V641
7802
4162
90442
56942
9012
E8781
64781
38861
42821
E959
5738
5187
82534
1449
20310
2751
4258
2384
86404
33189
99791
37924
E9583
7913
30285
71950
E9354
37024
38912
49322
74682
E9871
1571
75537
78065
V5041
E9389
34931
90001
3509
E9426
7676
449
8739
52101
51289
80046
326
4550
V698
4822
V4987
94519
6201
5080
81612
79311
52310
1941
1880
99593
45374
72882
2329
2851
73311
4231
35781
1108
5565
60499
73345
2853
7955
75566
53210
80625
6162
0417
0398
2727
40411
74721
9893
37182
4555
3551
9563
41002
V6405
7038
75317
60789
3599
E9383
3804
30460
9984
74190
80082
1560
9920
E8415
4871
E8405
01880
4618
2123
V444
53120
8281
44389
9090
7273
66934
20903
5569
60090
V146
9839
1478
42511
20951
75521
6959
1401
2281
1123
47824
7760
80376
30021
59011
8021
78959
85226
87349
9172
32723
78831
85300
1514
3769
2739
36859
40300
2800
E0161
71895
1620
1830
6289
E9391
7464
70710
71835
88121
1307
87353
E9674
3438
72706
2558
82019
73007
43884
87374
20278
E9208
1973
59381
4401
75530
76505
5881
4519
45382
3330
42831
566
25202
78724
E8318
6951
1914
E8311
85221
9033
5859
52489
3963
1981
24230
E8584
56982
5778
71597
41071
4290
70707
36234
85102
43331
86121
32725
E8528
9092
3200
1884
7746
61172
2454
E9803
7511
E911
5552
88029
25072
40413
36510
00804
4239
V1020
45184
56081
75615
33720
3180
3249
86122
7211
74685
8026
74349
9760
76389
E9270
80176
00862
1625
72982
24210
V5843
9713
38915
00863
7621
7686
6009
79389
99939
E8353
6149
1724
53340
33828
38619
E8794
5880
V4502
86602
55011
V1052
75310
36901
70400
36204
56400
30009
74711
71198
5739
E0020
1580
78960
V6284
5989
E0190
2358
42983
79399
5735
2912
71509
29540
1977
94320
79579
71180
75671
2395
4846
70700
81354
9340
2913
72271
56722
76405
30989
53450
4830
34550
3574
40400
43300
33384
45379
3942
4431
56201
80322
86514
9080
7103
6080
2353
53150
53311
27541
486
4238
80325
4376
7617
48242
49382
0949
9948
82002
2764
311
78262
59800
7716
37000
E9620
96971
34620
25081
V4581
76495
64914
23873
30303
05320
E9220
9471
4475
9947
81249
92232
28730
99779
E8496
71926
5996
80706
78864
87341
9509
67004
0543
2164
V5812
85142
47870
9562
44103
700
29285
9679
3093
0415
9802
25033
64682
29631
07071
4241
V4975
27489
72400
66411
51631
80626
07070
7915
80312
73029
V433
9181
6192
5306
E9309
V0381
V4589
9651
2572
77982
78343
44581
V5412
5128
55100
09152
71836
56961
36203
7041
6180
9010
25013
34280
64683
1882
20288
99642
60886
75689
E8852
80311
72401
V536
7620
38300
E9390
0392
43821
79552
4460
9392
1330
E9324
43320
78760
3342
72252
56881
03819
2169
71616
33989
00843
29623
79009
6198
43831
4536
7835
04183
8860
20921
E8740
5401
82342
4719
2330
23331
V175
62130
E8384
69589
78869
9593
9140
01402
13102
E8541
64224
29212
V5862
4581
7937
6938
78651
99561
37710
4372
V721
71907
5379
E8228
75311
2594
75019
2148
30551
E963
95893
64944
V1046
74483
2390
E9441
75265
37431
78492
04149
7424
7930
36275
44030
3368
40200
7945
30089
67434
E9358
V453
2949
3108
9724
73022
1120
V4561
86394
E0138
V1047
3897
34551
20961
96901
2722
78934
36900
5902
20957
76500
7796
9164
2126
V071
7384
E8705
29012
74742
64761
6203
78900
7946
25092
3862
6079
6851
80700
81242
79402
37751
9213
6235
V4973
99649
3060
V4575
79589
71500
5564
85405
71430
78723
V1000
99677
53530
66401
75539
52689
V430
4422
85194
V6289
4582
28803
83303
86403
99811
9592
E977
52340
4352
53087
71695
2698
7969
9680
9035
78449
88019
99569
57451
2592
29520
79401
56723
6261
6151
8678
36211
8900
03841
3824
9949
9082
20800
6200
V1389
V331
65921
6160
76407
8690
30470
4299
87351
0970
72273
4919
6010
V8545
66331
30781
53230
7960
37203
E8798
77213
78833
5650
83313
3674
72290
45620
8509
E8600
3373
78832
7335
E8859
44489
72211
40501
34120
7712
64782
71230
85222
76621
8602
5960
90253
08240
1969
3488
79509
90233
79095
85106
7350
9553
42731
55321
7830
74103
78066
E8918
4829
7260
74429
2713
V400
V8489
04119
42742
8360
53020
63590
8438
1140
5120
E9338
90289
79902
1912
65221
9661
56489
1820
34403
7837
56971
V1209
52540
55091
82111
8783
7775
V037
74361
32351
05829
85205
01123
1726
E9554
V8409
51889
V2651
55092
67014
V6109
6962
80609
94522
33523
81307
56202
9710
86239
V138
E8500
69012
9596
86110
76526
E969
2468
77589
65421
V5301
38900
71884
53560
E8800
9941
V1584
78559
V1006
9605
59655
1987
9243
68609
5264
36000
79953
44029
9122
E9424
V045
1919
V063
36403
57149
42842
99641
8604
V1279
80081
6984
E8841
30181
81220
9986
20971
99564
8400
25090
81344
59370
65571
99859
44421
81332
29530
8631
7537
85196
E8242
85246
E9295
V8525
E9200
V181
59971
30521
20501
96561
78001
8901
2127
5561
8027
3152
2125
2312
3080
6144
8902
3523
01194
9070
9983
2753
80121
V6442
3094
19882
9588
V1741
82101
95214
9642
77083
53089
80605
V8537
8629
0527
7825
17342
99749
51851
33510
42833
99639
57470
9942
E8348
45989
81513
V4986
E9291
9248
7767
2273
E9411
1961
1539
37800
82121
66911
20008
27802
29181
74749
76491
7292
59001
2382
2532
3540
V510
85135
4542
5771
90225
9048
7098
64892
75010
2553
4243
0463
51881
96905
7670
3348
56729
45182
2352
20050
86611
8977
4210
7466
63311
71909
1231
80362
3212
E9397
6963
41403
75251
3159
9238
V4289
94323
66574
7868
3007
82310
5733
V1649
20312
80623
E9670
7482
31401
9222
V1069
5300
00861
490
3341
44102
V8812
5644
80238
78441
3090
6868
71104
5275
42732
8761
3380
59010
99813
83903
85185
4169
1734
27542
75520
3643
V8542
99941
20974
500
7892
226
30391
V403
72671
7991
V6149
48249
86102
81400
0030
3308
80006
V311
3083
9561
6071
38922
56983
99889
4510
95901
7283
40599
78862
64263
4139
9698
2762
64784
6175
05443
30490
76513
73027
78060
4019
45340
2898
25063
V169
4379
86103
V1029
V558
37289
E888
E8493
9599
725
57401
37556
71696
72763
5963
64891
E8669
9064
55093
99772
6825
24200
0846
67311
986
E8132
78703
4748
1759
80050
1125
36230
0980
V667
69010
7633
E0010
1890
E9530
33372
7833
E9386
63592
83908
42822
E9654
34881
85206
1177
34212
8073
42789
4847
90002
40301
6169
83961
56782
49122
80131
86512
03842
90453
80101
29381
29040
E9425
44022
58881
V602
5821
74560
83805
80222
07022
55200
51902
1573
V029
66131
9654
80616
81110
9539
7771
49121
32727
V1009
E9687
86132
E8550
34691
1735
6210
3411
00841
1718
71845
E9330
E9589
56882
81514
86130
36511
30002
V0253
V3101
2982
78841
V860
38022
81313
78451
7523
7589
20890
E9503
9684
1952
80705
3383
45372
57511
92311
V8533
4878
317
74686
75430
30151
4386
53291
9996
78604
78863
45189
78199
4821
71109
40511
7706
E8110
96500
80332
36844
V142
1533
86222
3432
V4450
08881
1211
E8782
20080
20975
74365
4589
37432
8479
1518
3003
V062
30400
25201
1715
E9585
53400
67153
86353
E9308
36003
V198
28866
20936
43882
71534
7488
4281
30029
7581
4389
44023
3971
57140
80662
9068
01190
V1643
2893
78071
1410
E8851
66604
4731
64904
85402
8702
1986
75679
4590
V160
43380
2889
53082
27803
E9501
570
76418
53260
E0031
7587
30570
8501
8055
80152
9584
81510
56981
7138
75610
0048
4710
38582
99640
4293
V1084
E8542
80420
27730
52460
2781
95207
1743
3431
7512
73741
36372
88003
85306
E8552
73671
1716
71615
37200
33701
34282
9510
36012
4570
37999
V2652
42650
76516
86389
96979
1173
70722
92400
87342
V707
71815
V1381
83104
1320
30520
9779
38917
99647
4280
2760
4612
E9334
7202
5731
5200
9950
80114
67414
38000
8712
9309
E8226
6823
29532
1562
2540
7310
05311
75557
7785
V703
83904
90089
E9679
92401
57491
99643
8960
E9325
20003
V7281
7810
E9138
E8842
7635
24901
9198
81382
3899
8488
38910
7720
80110
03844
20243
20047
V1085
2777
44021
V8539
E9278
79929
0542
E9347
86229
61171
5762
29383
V1272
V1049
2391
9583
5845
47875
8920
42841
68111
0785
7907
43301
29573
4263
7015
7848
85231
7851
88023
38015
V289
7279
4572
25071
42830
23989
8250
7728
25053
2940
49302
30015
V660
66531
71906
71593
6116
9061
37005
9162
30493
36281
36841
6072
83660
V1041
2539
1420
71481
9530
E8585
72210
5753
9108
V468
17322
4538
20412
4131
8785
45350
64303
E9502
03812
80229
78834
74782
36960
V8401
73730
63421
61650
8248
46410
24981
1536
80141
74924
8679
33522
65651
7539
9081
1749
4532
29625
04082
V293
30403
82321
74359
V642
8973
80707
65961
73672
30183
86112
E8260
E8880
9617
E8142
2512
8704
7359
V556
37611
28489
V1082
5724
43490
37881
9691
9729
71831
217
71105
1469
37274
585
2830
7135
80426
V5049
E9310
44381
3910
5723
7470
0090
37214
V555
36813
36552
87411
87202
9658
1980
7248
64251
32089
29282
9513
4264
76408
E9445
64844
65101
E9175
3445
53261
75531
6073
73732
V3201
24281
85305
9594
71897
03849
30580
7582
80076
37739
49120
5233
43840
49392
2537
9349
2888
20252
4928
53021
53201
80002
V741
V632
80011
34401
5756
5362
7318
1648
73019
1972
1962
4749
20190
V4972
53200
76504
587
E9419
430
8749
52800
75240
1623
81202
V5861
0400
85316
2339
78057
8821
11599
E9601
28731
5191
5812
1737
V5863
83103
E9804
64943
71213
V1641
41512
82522
83942
42843
00845
80859
1911
E9290
7662
V427
36500
E8850
7902
20000
80109
E8282
9500
V8709
92301
56979
7776
80025
V5302
86415
80608
7809
9165
2354
0549
2758
27949
81392
81333
37430
38014
2253
3888
7861
V058
2639
V461
85216
V8532
2588
80230
03811
78899
7132
7671
79510
3334
193
1917
1893
460
72999
3410
E8138
4559
V643
4371
V1261
0031
4242
9755
8249
36283
67204
27400
73681
80366
36573
43381
80629
7885
64913
81602
75432
29382
20511
7750
20010
V449
55221
7504
2115
3555
V5842
71945
6039
62402
E8742
E9363
97081
74343
84500
E9011
5981
33379
04112
77087
71235
86501
53011
6251
83309
66634
52330
1419
3869
74923
20042
72619
53641
E8227
60889
81109
80476
72972
262
81401
56721
E8860
9683
56401
65801
43411
2832
E8761
7441
4142
07049
2271
71911
5789
81254
0311
V4574
99631
71990
01505
8793
5967
47412
72402
3453
33394
1916
8799
20780
9953
27900
E8495
1106
37601
0793
36284
80164
2869
V1504
5651
9744
78442
7513
75435
61801
9753
30523
9800
6021
9961
37482
4780
7131
30393
9019
7827
36910
85229
7533
44101
25062
E8785
03285
77012
4809
78652
65411
3481
3559
52550
V1253
80026
6178
8244
47834
83501
73012
63552
42654
76401
E9800
7634
27789
69510
6023
64664
2441
3068
38842
1329
6396
94423
3300
81200
1398
80508
3879
41020
25512
37311
38321
48281
2180
3831
V5332
76416
52342
E9378
0530
79029
E8668
V8524
7761
4548
28412
72886
82131
83100
V148
72272
78096
2581
32372
01193
74869
E9392
43400
28984
75289
28809
36253
6390
4421
27901
3940
V5481
51919
72973
82300
42769
01164
7863
260
1809
79431
37749
99652
99653
53789
E9205
30014
86812
9752
75461
6111
5518
28522
78055
9582
502
9523
80435
8708
4613
6918
81393
47833
316
42292
9056
7439
4289
9711
E8789
99687
43889
4802
87364
41061
E9505
75500
37855
30759
34441
64313
V1651
V8389
E030
20212
86321
25639
29574
V5417
3480
84509
53019
5719
3452
7780
5538
3154
28241
72190
2873
76076
99673
92320
90210
7575
75982
7231
99675
4220
37452
20979
7320
35571
9571
E8249
37842
30593
90181
86814
99809
V1050
7611
25002
99701
20920
94126
7700
73390
E9809
78443
82381
7850
5279
0971
7888
V1508
3207
99678
99932
V172
9993
5834
0880
2150
E9301
V1505
29570
3393
4918
63502
E9198
20205
42610
7711
78721
E8580
7455
2880
31230
36231
1712
5511
05313
76494
80432
36565
E9420
47411
99851
8471
99665
56984
2728
74732
80421
3969
42840
8260
7721
80843
0419
1400
27787
8247
E8180
1975
44283
E8012
59080
5439
E9170
80020
2707
27652
81352
2874
7630
9120
71239
74722
2765
9972
V6104
81343
V1309
75320
2824
67012
30543
5643
30749
72782
E9359
65444
44324
2842
5194
1530
6989
5810
8911
E8714
75510
7763
7990
2773
5920
37275
V078
72991
44020
99654
7080
27669
6260
30562
E8708
37272
8671
24950
72669
30491
36815
33821
3485
67324
3612
E9248
E9102
78602
4940
2849
2419
5363
E8163
63401
66622
78903
2900
E8795
3558
V4582
4474
71986
80023
29690
V1021
34210
7333
7230
20963
2730
V655
64673
8075
7933
88002
74402
4439
71226
9974
V1012
E8698
7949
74101
28310
8076
7626
75314
1713
56949
4179
V1061
99679
38906
20203
7336
V5309
V189
99585
7876
5373
23773
94127
V503
76497
3526
9989
7608
59000
8713
1450
20929
V5867
82529
0520
E9242
56960
7593
82523
7212
7813
V6889
E9991
1612
6924
V271
7079
8363
20210
3577
6002
2859
73023
V4284
9116
45389
V4382
20024
3181
V151
8242
8873
30471
6238
0074
82001
99666
5721
7580
59589
53130
V1589
73729
05471
5400
37854
9899
5678
74763
78838
86350
E8314
20402
71515
9393
86414
3004
9517
71693
41041
V1552
60883
1732
37034
4353
E8181
56481
83809
44284
7586
78093
4272
0338
85240
80236
V1529
9074
E8126
4160
38302
67482
56941
41405
V161
3961
V1007
70900
7142
E8801
9685
E851
7836
1512
5302
74600
9110
3573
5199
V1091
42090
6820
5641
37852
V486
7265
81013
9614
42091
9998
82139
1881
00869
78194
99594
41402
2538
81303
E8796
58081
63451
36362
3556
1717
92231
87363
V4965
65951
08882
85404
V8535
69550
V1369
60091
80144
V1042
78939
85202
1418
7013
2769
6965
3337
3363
67202
V4579
52109
9094
76384
5206
5282
1578
79539
2356
8703
37143
E8706
7094
E9299
53211
2167
99567
49381
31400
36523
1124
9011
0701
37230
4610
E0080
7200
9301
41519
V113
87333
38921
7450
69279
64894
V5410
85100
34201
V1072
76496
2141
3590
73300
86401
94420
04102
5169
38610
99883
V5831
65613
80113
E8641
V1553
23770
5832
9390
2897
8872
1985
1251
71691
29524
46400
72612
99739
53240
40493
E9241
3548
51853
7529
E8854
1228
71598
3519
3568
6118
V298
76403
2548
9558
75617
76524
462
2702
2841
V8543
30752
4478
76077
37741
30150
9054
66524
6869
56781
2367
59659
78940
64852
E9438
1984
51883
52331
78051
30591
9189
04111
53521
30250
57430
6040
2884
7385
33811
2731
38200
0529
43310
73315
4266
6170
34402
90441
6392
6168
3076
80849
80621
E8200
80470
7469
7942
72781
E9060
7601
29680
7779
71536
E9100
E8704
1838
E9194
65671
7566
44281
75263
77431
45829
43830
7874
5370
41010
9042
V624
79500
77081
1915
73009
71940
80228
76502
01304
05881
5855
2518
03843
0859
9055
485
80022
35789
V122
05419
42290
7068
63512
2721
78033
7141
9228
30500
9991
3017
V153
44481
E8191
25003
5060
5277
9557
81321
4599
35922
E9408
64801
E8257
33902
8601
71694
7714
7631
20240
55202
65261
07032
7213
04110
9809
78820
4464
5122
9041
E8002
V4282
78461
85200
01805
E0009
51636
83301
52512
76511
3434
7822
E9394
6084
5715
66942
42761
27503
30302
99604
80624
80423
73013
67404
1764
1599
83411
2459
E9382
77981
53084
4738
39890
28802
4471
7905
47879
1510
25001
0709
9095
8418
85204
74193
1943
73600
E9313
V1586
2839
E9068
E9304
2872
72632
34202
E9422
E8716
E8845
80171
64903
E9412
9670
24291
8870
8851
2142
37922
81502
57411
19889
28319
29420
E9204
0092
28264
2860
3591
5581
59651
80639
1978
4781
72705
V1588
3221
7726
78064
V1201
243
55001
E0069
81318
9663
78491
70583
9032
9585
86343
8745
E9300
3545
79380
7386
3649
6398
5374
47819
3502
86610
5734
9916
3102
2380
9067
71846
4419
80466
6191
7901
79923
99659
41031
9957
82525
E9506
40311
99667
23871
71905
66541
E9320
79022
5763
0578
5130
20001
4660
9059
7799
87373
V1364
5888
9881
5988
8088
27650
30501
30441
V4985
2376
63572
72879
29289
35782
41400
V090
35800
4786
9999
7534
77088
V152
2210
36522
V5844
83901
4413
86354
3014
1461
6258
82382
5718
42741
74259
V441
80607
V145
0038
77189
5854
2725
80120
73015
81241
E9283
1453
36570
79955
7462
51284
71958
9142
1832
05379
80170
87371
5679
38589
60011
3239
29644
80024
73722
6012
90234
83402
7808
2724
80842
63411
56789
7583
1629
85314
80124
V5489
84512
80504
3699
6805
2828
73097
3694
V469
1209
64663
7099
9132
5951
07059
53649
3010
25010
68101
7866
80485
30301
29522
3952
27953
81409
99680
3689
9878
77430
86411
7709
5071
80172
27402
V0259
1950
80436
64511
42979
E9429
E8499
47820
71966
7473
3951
90226
20410
4412
20078
38918
94100
74681
3543
9559
7572
0839
V448
2793
7358
5856
2409
5289
5286
36801
9579
E8192
28951
81404
99769
V8531
78606
76523
75522
56889
7019
75169
03641
7244
8742
86330
69289
99583
30522
E8839
53781
58181
1468
7963
36274
3241
5180
E9401
20211
20030
5369
9951
69581
8700
4148
37420
63320
V1071
83979
6981
V443
59371
5551
7242
2144
9697
8710
2448
80610
9690
27482
V872
2559
78321
1960
07953
7622
60785
4111
4373
20287
41011
37515
V4586
64274
E8381
30392
81383
83650
71855
71589
25030
81322
90251
0778
62981
7421
2101
73743
5110
1429
V850
65404
34404
V9010
22809
70705
95914
70712
72691
V451
71944
01485
41032
90141
90220
30011
82030
80116
7280
7042
28529
81231
V5411
2110
4718
V109
64101
80851
01896
92410
73689
71821
07044
7786
9190
2166
0940
V8745
4552
7596
V1044
0498
4296
41401
2771
71784
1160
20048
80853
7788
9260
48801
7613
25200
3918
78609
0039
55010
17341
6827
76409
71943
V452
6262
8630
80100
37952
74761
9278
E8151
E8609
30747
7459
E8555
75016
56089
V604
74569
3370
29624
64244
71101
22802
01504
0272
9623
5582
7069
07051
86381
5931
71590
V192
7540
23872
86344
8500
514
035
V1302
7847
9212
99668
E8241
71949
86405
86355
73711
V5426
4144
1714
V1011
E8889
7687
V435
57480
68100
2302
30530
E9453
1800
6269
81408
5283
8245
5234
57440
4549
6232
00847
2534
86342
69515
72939
72887
46619
1761
4240
V5864
30573
72700
V290
05412
0840
3536
57490
E8786
5712
9308
40492
E8298
7732
36205
7618
V5482
78932
7912
9171
1963
V552
8371
99812
V553
E9132
36616
07020
74783
80500
80841
1730
30012
4561
36589
81411
66811
2301
3101
7705
4841
29041
53241
3236
63522
43811
80102
8058
28850
37871
E8160
6213
79409
E8162
6249
27651
74900
1965
78729
30571
5602
34489
34700
2326
59654
95204
5609
9569
37950
2189
8605
53550
0051
5225
64803
80475
01890
4479
20270
6038
45375
2858
20206
73393
75160
86339
56944
5528
6940
V222
V270
80341
67323
53782
9894
37443
8024
6179
V1203
4733
E8792
3572
2971
25510
9693
4720
2370
E9173
75321
29622
V1506
5160
2813
7741
74423
7701
20021
9273
1649
2798
V0739
0912
73710
5100
7707
80718
20502
5754
9712
30430
85141
1910
37882
2394
85173
2191
90182
2811
53551
72871
07951
74441
8251
7014
66614
52579
9020
9075
6931
5571
4541
37603
E8341
E9384
04186
68601
71120
E9572
3489
94421
20040
8470
3968
2812
11289
E8587
1513
32341
4540
41022
64214
3331
E856
4611
8370
7028
8751
71222
62210
74100
83905
28862
74512
5760
8600
7595
V143
9515
73670
81311
7560
72292
78901
36800
4279
41012
85162
71687
52563
5890
4770
V4573
E9398
8861
51909
76501
E8717
9043
E9051
5728
75450
V1053
85310
1488
64234
78650
V5883
4560
E9433
9879
30924
30401
5185
80146
38021
2156
71592
5224
78843
5952
20285
4168
2631
V454
36040
2181
4267
V1086
52462
72703
36811
2132
V0489
36400
0310
8940
95208
0279
53141
60784
64121
95209
64261
E0039
V5331
42611
1572
71537
96903
9678
33511
8241
1898
25011
E8122
7108
25541
048
2113
1448
0362
20220
2333
9733
V502
4739
4010
80306
80174
74510
7383
3182
29384
29681
78837
99527
90301
33119
4295
1534
72409
E8799
59970
V3401
71947
8190
7289
E9570
92821
734
99689
7585
4259
7222
8750
7505
58389
6011
5278
E0299
45352
80412
7480
35921
1100
30981
83801
86340
V652
E8193
V4984
2552
44772
80036
3911
V463
70521
94335
57431
5589
86419
5921
85125
2899
71941
3062
2111
85131
58089
23876
E8133
01215
3321
1976
72813
V420
45111
78039
37990
37943
81405
7538
80320
3524
5966
9518
V4576
1739
32082
0499
34839
09181
4387
8701
81221
80702
V4960
29621
78053
2161
73819
1622
27903
63381
85180
99832
04671
25061
8460
38420
1551
99799
V1542
79415
74769
36217
5847
25070
7520
7675
78906
E9179
3315
1568
4254
8056
74920
V1250
7859
28982
3549
7610
E8042
E8130
74861
7869
0979
71107
542
E9889
38870
34541
V4511
7841
38871
2555
6983
42653
5759
V0189
V5391
86813
81314
72293
70409
80473
7628
V141
5078
8822
51901
2533
E8199
1921
8620
E9387
7243
56987
V167
99700
0071
51900
V8534
3439
44382
481
4779
1522
V434
78062
9694
V1811
73349
44329
68110
V1851
7856
81252
2788
9051
92811
37210
7429
75029
9735
V4569
6089
E9346
3319
075
V1351
5768
7105
E9460
V4976
E9850
76711
V626
1700
7218
1608
69512
V4587
1745
7092
28733
V4501
88000
V024
6208
81250
7093
9152
31539
75513
86352
7262
3220
2710
73301
3483
5560
76719
1309
5226
32381
01325
9664
20028
5272
E9342
92820
7921
9631
V4361
72761
V068
2875
78829
6954
92619
27509
7920
9551
28959
72989
44771
25023
E9174
55220
5779
9352
30502
82380
63491
1723
9570
80225
56039
2911
94401
82120
V0981
3950
1409
53081
E8504
72660
E8190
51882
85209
V442
27801
2810
5178
V4281
E8797
25083
35579
V431
86351
7569
42981
75567
V5841
5235
3669
34460
28260
8064
20148
86331
13101
7768
6183
75619
V091
74740
5993
38908
57461
64833
28952
04100
57400
V4961
E9854
E9317
5309
V4571
66921
45383
2530
V4451
2819
7862
74912
6821
64231
3960
6082
V174
V118
70706
75431
64824
V1259
E8136
V1271
23877
9229
86603
75613
86809
6205
28249
6264
V4611
81501
6272
44629
9540
4269
1504
V440
30552
1122
4470
04185
44321
E9322
74925
72673
36201
3959
47871
5764
27549
E899
20891
70715
9890
78094
71847
55320
0380
69282
6950
3592
34591
59984
V8821
9251
1430
5265
53171
73605
05319
E9178
29900
95206
34430
43810
71843
73320
7235
1175
43822
5307
20152
E8252
95205
85144
7791
71580
74687
77211
63412
7948
V6141
7535
36470
7704
34693
82123
5579
2861
3210
1710
8052
3571
80507
04105
49391
34409
76529
52469
78059
2967
E8121
86503
80221
45183
4375
36019
29389
0540
9180
8728
5280
36210
E9360
90287
27941
53013
72690
E9571
5939
7831
6829
2732
7873
4571
78905
44289
37733
E9318
E9262
5991
7484
9170
79959
64133
04101
36970
76519
7793
85256
V638
4416
73020
37955
20158
99565
9348
34510
41513
44620
V7219
78821
20930
V1059
V061
E0030
9994
66561
4512
53111
81407
V1551
30410
1958
9083
E8187
28861
8782
452
82301
2298
V608
1272
7685
67432
V1242
E9650
72762
36544
V0251
E0070
2752
86100
1464
45821
2930
9013
1103
1603
29281
9720
45386
2840
E8619
99833
56211
E9344
90229
2102
5780
7402
1808
1869
40291
71489
27702
4370
71888
53341
25073
3320
2738
4659
E8211
0478
7140
88013
1725
86384
75616
7541
85232
40390
07810
2535
82331
53642
9462
42760
75482
71195
E9010
78061
72889
01405
81323
7723
01136
0521
E8830
19881
53012
3209
37991
61882
20011
37555
72270
E9356
8068
V0261
9766
64131
V8544
7509
7236
1452
9249
5181
5750
7929
1966
87330
V851
V4031
9173
78607
76525
2550
34511
42820
V4512
5258
52406
20192
53251
40491
3552
58289
5523
9635
77182
4255
43391
41082
2699
83400
33729
1844
8083
319
2891
V1001
7778
28419
28244
75026
1920
V5881
E9463
73399
71902
78930
80085
72291
99709
E9689
80165
4466
20213
81613
87412
82022
5799
8461
V168
47829
2521
7784
74781
1519
70720
9099
E8703
73734
8081
64883
76499
7176
64252
V017
2308
29211
7284
72672
7636
E8769
82531
28859
73028
83900
17372
7530
6809
77084
2882
65641
6190
79001
83305
185
20500
7872
24221
9726
64103
64823
75319
37909
E9289
77581
37941
81603
4260
79319
77984
1579
E8189
2767
2809
40391
7321
1618
9971
99592
27700
80150
86232
5219
E9201
E8654
78052
86819
7840
2122
73312
05312
6278
33709
90140
8691
2978
E8497
5513
24991
81601
31289
3482
2870
78603
V5416
20301
5600
07989
66612
3013
86513
38023
8240
04182
E9019
75479
83114
8970
4465
6960
E8278
99771
28801
E9315
E8624
7510
61800
6923
7592
65963
0318
25080
7599
82132
01895
9747
7816
V601
1273
7564
3344
99683
73342
64233
V1659
85181
59789
76498
87361
V6441
34431
V446
34281
9604
30120
8439
2829
1535
04590
85220
E9364
E9319
5811
30592
7774
V716
3550
1982
V1241
80034
88020
4271
3499
37313
7895
99971
V5399
3100
V5422
44589
E9496
9600
76406
E9881
6930
4531
3019
V1051
4580
64933
85203
5961
71233
56212
V1581
E9443
5934
463
71296
53561
66602
5853
92612
78907
75323
41189
1702
20600
9245
8744
85109
9029
82020
V6110
71191
20382
41051
9982
V1749
53511
5680
40210
32713
5168
86600
3659
64811
9529
E8784
5809
86383
78050
86113
62211
31381
7904
37992
0794
96509
34580
99529
78099
70713
59582
38003
53490
2452
E9340
V6406
43812
81381
0491
9619
3082
75433
99684
8791
35981
5172
7782
85186
9552
60000
7994
78909
5198
E9314
64403
28243
42781
53191
20380
3091
30742
4200
35801
52809
7503
3688
3201
44100
80316
5713
78003
8440
V425
7070
80620
25041
E9225
71699
44322
4848
34989
48241
73381
36202
6944
94850
1638
E0060
20283
7717
9161
9531
75732
E8554
7299
6173
3829
2766
80015
2531
1768
86349
20201
80441
81003
E8603
V1090
9980
80220
0700
V625
V1003
64271
30431
E918
E9250
78961
64293
80602
3595
9767
36846
53300
5940
0085
V1642
2862
1748
8208
77985
41042
76404
30016
2689
81391
5852
34400
53085
5173
87360
64884
7731
75481
27911
8831
42490
5829
E9500
1531
4820
34442
30590
72191
29502
4957
1892
30420
E8556
7964
E9306
V51
64254
57460
43410
9773
3814
29990
37189
20512
6268
95203
70709
E9109
86101
4619
31234
30928
20208
5994
80032
80704
73302
41091
E9805
75511
3949
99989
92321
20401
49320
9072
E857
60783
3418
V052
E9335
V4283
0088
78799
7388
8780
05314
00581
81511
7522
53410
94325
81500
64864
E9455
78830
9528
81419
2883
80119
45376
2254
28521
85103
78031
9581
76382
4789
75262
5942
96909
8912
43819
3798
5758
6802
80239
7660
99663
7864
6255
64831
E9292
28860
94534
8787
38201
71680
65414
7624
1503
1906
E8508
42612
V672
80701
9627
V596
80300
64294
9597
7454
99731
83503
E8791
29630
78459
5121
78630
V6129
53390
73006
538
81504
2779
1489
V0971
1971
81403
5601
29640
1628
V4509
80631
85145
7919
E8637
73630
70721
83209
2388
99590
V066
E8233
7817
2776
75460
70901
30563
5695
88100
V239
E8809
4219
99881
7811
V549
63391
23879
2827
44422
5081
V5423
4358
2458
30553
E8902
90082
9580
11285
V422
9341
9211
20530
85183
0388
E9457
74362
0340
83652
431
4430
4408
99676
07889
0093
57481
V6111
E9659
1515
56210
3898
30423
37900
48230
2690
5111
6184
25093
73733
27501
07053
3384
5909
80080
71954
80105
7795
25060
6953
3238
71848
88112
V6107
9555
01803
74762
37923
60820
2114
87352
81412
24990
9721
E8216
V8522
64862
1414
71103
80223
7048
24280
80112
7571
81001
E9444
E8145
E8258
20200
71697
5722
2984
34461
72789
V1582
99645
34200
9708
0902
E9379
V292
22800
2890
9722
3578
94800
99933
24290
8469
2252
78951
76493
9160
81519
V551
79099
1888
24201
73001
V1088
V561
E0089
2589
99670
3668
85223
33819
20018
27401
22801
64243
36563
1463
92720
58281
41072
V4614
9911
80060
3529
28311
73340
34600
87261
E8141
80660
75839
72679
2355
55300
5521
28983
75313
25091
11284
67154
76518
9895
1543
36812
5941
47821
9964
V4578
28863
61689
1765
3051
80416
E970
38010
4011
24900
07983
267
E8150
2682
38832
8730
V550
2733
33722
0931
3360
80505
29620
7678
8074
9671
7012
7101
3336
7461
85241
E0071
4530
32726
V5865
86402
85215
70719
138
V170
34690
V6549
7708
2443
41092
8221
70701
34570
80410
677
9100
1509
8080
1105
74683
V6542
29604
05371
9472
81259
80001
V0262
7570
6271
70725
69018
42689
7380
29980
80132
53190
74442
3379
8280
36106
36233
73810
V4572
29411
80336
V8541
20925
6274
66511
E8196
E8052
27952
1101
1370
37300
2104
41411
78552
75981
34540
71531
8922
72283
2866
E9351
37500
37410
80129
2720
9535
04189
E8210
6101
80372
51884
E9229
8411
76506
99602
7843
2469
41404
632
8364
393
8082
32720
64681
2979
E9294
73314
7010
28851
042
E9581
V4365
60010
E9600
6391
E8251
8603
83311
5296
78639
74320
E8219
71690
0049
4291
2903
80601
23691
74405
48232
9233
6988
85150
8404
86601
0479
E887
E0064
V1859
E9509
2511
51189
E9328
V1301
1609
48284
57142
99802
V1255
475
4533
1641
2718
1610
24911
71903
7935
81418
9065
E8156
7672
1508
3581
80106
29562
64934
90241
7500
V1083
48239
30472
E9430
6172
92309
76072
90142
80301
E9352
7245
E8846
37730
V053
V016
7661
3732
45381
65251
59382
4730
E9370
7542
99681
4473
E9000
25043
70702
7296
V5427
29544
V902
5070
33399
43813
2373
9063
5583
2864
81353
4380
74353
92421
9514
88110
51181
1728
0218
V0179
29560
86509
03840
88122
99931
2154
80502
8832
73316
5752
34710
57420
83921
78791
80182
37942
33392
04103
3962
E8748
47831
64621
7702
E9345
38611
V4364
83200
25040
1119
2362
7932
34292
20005
80224
8850
4270
87201
1541
70909
64813
2410
E9385
30421
4251
59373
56985
41090
56989
74720
81509
6253
E9580
V1022
30113
07031
7238
E8589
1537
5291
4409
37716
36221
38600
V1204
55329
66554
E9678
37853
64111
2734
7083
6982
2820
1300
0059
36520
75501
59689
45981
8409
5529
80180
20191
85101
80175
4440
99702
85184
90003
53430
20480
95200
66001
5851
75261
1369
V0389
53570
78902
27950
36816
5772
5824
V4363
8472
7089
V8538
80709
29410
4170
8504
2250
6945
37630
20969
7100
9696
53540
74921
1528
3081
3430
85239
7623
9701
1630
03289
6822
3576
85210
60781
7030
V183
34831
29600
V489
936
0382
7325
80010
73329
82330
4958
59969
9009
3593
90254
2599
V4459
V4966
V1585
79989
41419
33391
7354
0239
71844
V861
6214
1613
35989
30531
30503
33182
70711
34830
36840
32721
E8849
53640
99831
7271
0383
8797
8716
2881
85309
V1004
53250
75470
98989
E8197
2931
40201
29653
95215
1848
80009
36252
27906
4351
36001
7249
7011
8672
92710
87322
27411
73024
1703
8770
0622
V0481
71946
82003
76517
E8881
75989
1520
E8240
V560
38039
74401
1500
6979
29189
6018
75329
75444
4374
80235
2513
44323
V4971
07819
80350
1516
55121
2755
1974
82392
3594
53170
3759
7515
71650
2774
E8718
2825
94524
87344
29564
64661
1439
9630
2749
44773
30480
2270
4149
5798
34670
7485
29572
78601
9104
63380
8029
3029
70724
4321
V640
7801
7104
5790
30443
80075
72884
7931
4843
2149
3542
73018
9473
33920
7673
49301
87354
V173
74689
27709
5131
25000
E0008
5273
8961
31531
87340
E8170
V123
82312
31239
8731
75555
V1062
72230
8621
43850
20023
61179
25052
83202
3129
4578
4417
5533
71965
5183
2818
67002
28262
27800
27661
94232
4808
3332
34889
51633
4378
6266
9089
72142
E9081
37652
73017
325
71901
V1081
74860
24220
V0991
75312
390
7722
V1060
E8780
85403
77212
E975
7828
80065
5929
2598
7463
29614
81201
23875
5819
99586
8170
81402
E9361
55129
1968
76521
07030
66944
V011
1913
8261
5755
33818
E9452
V562
81301
78605
99671
77016
81100
6159
34481
57510
8441
75683
72971
5949
2218
80703
6256
V202
80123
9598
81512
42293
V4588
2387
8072
86802
06642
76527
85304
29421
V3200
86810
29699
4881
85190
66021
V6142
33390
V195
64881
36043
61804
52108
75983
V708
2155
0319
5672
81251
65821
17332
25082
57441
25051
5693
44032
1738
5950
80606
83907
E9323
94234
2794
20490
79094
30411
2392
4178
73396
60782
42652
92801
E0076
36847
04109
V694
7820
1731
75453
9114
5562
71912
24980
0312
E9001
8921
36512
53531
1104
9125
61189
9912
E9307
V653
95899
80234
E8581
2381
36189
V023
2972
6850
9191
3789
9239
4262
V426
7078
7051
9610
2759
53989
1953
99984
6254
3203
74684
V0980
27788
V065
2331
82133
99657
4411
261
7443
81203
932
65451
7792
36107
64842
94840
05479
E8694
7823
4551
81610
3441
4329
71106
66551
E8710
2571
7753
605
5849
80142
72740
9330
E964
58381
E9559
07799
81351
E9193
V0950
17331
03810
4441
7475
78842
71432
92721
4556
64814
80140
7291
75526
E8908
V155
V5866
6948
71828
68102
71840
E9478
V1079
V140
1874
E9222
3449
99682
42518
82539
4350
3202
V620
71155
44031
E8762
75451
4481
28804
81212
3009
32737
41021
4423
71102
V162
6929
88111
79901
78072
2541
82332
80711
40290
73309
V9039
82122
8300
1208
1479
11505
85225
E976
4588
1970
2163
5293
9219
65971
5730
07999
2929
25022
07998
53783
E9298
82130
33900
V8530
V5873
83651
33912
80710
37887
80035
74741
1455
4558
78722
7724
3369
8442
74902
1110
2153
9210
77181
74322
36100
4959
82320
25020
V1819
82302
95202
43321
80326
7217
82021
E8494
37530
37520
1498
E8613
E8853
80021
73313
0414
8449
57421
5964
4414
44282
2821
9053
V182
6270
49321
V583
80160
45342
4778
74922
4275
7088
95912
51634
99762
5990
2309
8089
2729
05472
E8744
5830
47874
5539
E8844
E8250
53784
34982
3314
72990
05413
34501
5550
01205
86500
9725
40310
37633
72709
78720
88012
9578
3530
66632
27951
73712
80226
4467
2379
1990
E0011
2442
99693
V7651
29043
5368
E8810
8738
E8261
2823
99582
67484
1471
2116
78261
56986
36101
E9673
72930
73319
43330
8677
07054
E8888
53220
76492
6279
V2541
8676
81002
E8767
9093
7790
4784
7615
45371
8796
E9651
1570
E9380
82521
01330
3739
E9479
86612
74729
20590
30122
4480
28981
V568
86801
7286
6806
33382
20972
E9504
20281
5303
412
7237
2120
8220
36241
7295
5995
V166
90242
25208
81240
20198
V600
71238
07041
5761
E8212
2652
6143
34590
8871
7765
77018
72665
E8735
73679
87350
7993
71666
6259
E8501
E9688
3234
V1005
86400
69513
V2501
53110
8361
44409
6110
220
7422
7773
3079
E8700
E954
E8131
E0291
79092
1561
38872
94536
3575
2822
71504
8930
39899
V163
96502
99562
3522
87269
7590
V554
E8793
76528
591
V1202
6861
5839
80232
V4585
6926
E8188
V618
94332
5848
E8502
3501
73382
7536
3839
7220
20150
5640
7703
80430
75733
37635
78469
E8783
56032
5820
9962
E9305
3698
5997
E848
99581
9130
86613
3099
75881
38830
99603
9975
86131
78701
75440
79021
71985
71530
1552
95919
V537
78097
64653
2337
20020
76508
5260
7845
0412
94108
7149
1922
E9499
64793
E8543
99644
90081
7783
55229
E8062
E9538
74511
E9399
E8217
4420
25542
E9177
E9288
7197
2536
53270
1727
20302
1991
36002
9001
E9348
41000
1121
90223
80013
V0382
28989
1481
74789
73609
07033
9587
E8538
1490
4553
46451
E8840
V462
V5415
470
37239
34680
64783
74602
9040
64822
30300
46411
75889
72981
9832
937
1891
7759
40591
V1502
V5401
59972
71930
5781
7428
3349
7102
1540
62570
73739
37956
78009
83969
8760
3749
82100
36320
6273
E8140
3570
V272
65953
30723
7018
9034
76514
9828
88101
E9274
94426
29651
82322
6150
501
94203
V8811
2528
80000
34291
80425
5982
1983
75564
6028
71856
8028
71970
V1501
78499
72664
37850
83109
70401
3442
82110
V854
7916
V1043
1945
5119
2650
37886
3222
0416
36641
3240
48240
78341
1589
36315
3301
34440
1363
2137
E9821
05410
2662
76075
53510
E8182
7234
47830
85201
5932
75560
80501
87402
V0252
33521
83101
2761
75559
2871
99589
7062
51283
3553
2939
V3100
99662
74910
20280
2808
9695
64893
2165
E9353
65441
7563
81503
7992
42099
66941
E9507
63511
